%YAML:1.0
---
DataType: CameraCalibration
imageSize: !!opencv-matrix
   rows: 2
   cols: 1
   dt: d
   data: [ 1080., 896. ]
cameraMatrix: !!opencv-matrix
   rows: 3
   cols: 3
   dt: d
   data: [ 728., 0., 3.8986603173910311e+02, 0., 728.,
       4.6573374563321346e+02, 0., 0., 1. ]
distCoeffs: !!opencv-matrix
   rows: 1
   cols: 5
   dt: d
   data: [ -3.5458502022735566e-01, 2.2422965096394518e-01,
       1.5658390630675790e-03, 1.5828983584882474e-04,
       -1.3636991270213883e-01 ]
