%YAML:1.0
---
DataType: CameraCalibration
imageSize: [ 2208, 1242 ]
cameraMatrix: !!opencv-matrix
   rows: 3
   cols: 3
   dt: d
   data: [1.36543274e+03, 0.00000000e+00, 1.09444934e+03, 0.00000000e+00, 1.36543274e+03, 6.24207886e+02, 0.00000000e+00, 0.00000000e+00, 1.00000000e+00]
distCoeffs: !!opencv-matrix
   rows: 1
   cols: 5
   dt: d
   data: [0.0, 0.0, 0.0, 0.0, 0.0]
